0.42331159411822533
0.4946859794807264
0.5711090552846083
0.6380348520211445
0.6735026248979522
0.6632943830227294
0.6150629605241175
0.5501008843808147
0.4871564100037059
0.4374062650973996
0.40729844484965483
0.4018929970459239
0.42447395887379374
0.4622085202420378
0.4512696445498005
0.34719892075647185
0.22638119014005575
0.13191409208103652
0.05738646434990295
-0.009238399906463165
-0.07754706935026598
-0.15617721138176907
-0.25483616504572687
-0.3857326519560368
-0.5630700161567295
-0.7950077926663577
-1.0518659598454152
-1.1886257587401114
-0.8995778928936465
-0.05899065583558992
0.7806913654453124
1.0669747949565158
0.9254392032851944
0.6615199023629899
0.4198046279042153
0.22932549382990594
0.08095910065139789
-0.04094189500741884
-0.15078395290655663
-0.2616751136117132
-0.3875197837165411
-0.5455097223975603
-0.7545332760731325
-1.0035407609944864
-1.1471019830742974
-1.0234816763057182
-0.795647027613022
-0.6104315449231092
-0.4806663830710529
-0.3899077570665988